---
UnitID: 300434063823800
PopUP_SN: 102
Unit_Start_Time: '2018-8-7 00:00:00'
Unit_Release_Time: '2019-4-30 23:00:00' 
Unit_Deploy_Time: '2018-8-12 03:55:00'
Deploy_LatN: 59.89135
Deploy_LonW: 171.2518166667
Deploy_Depth: 71

############################################################
### The following constants are instrument specific
sample_interval: 
  bottom: 3600
  ice:  3600
  sst:  3600

underside_temp_cal: 
  Acoef: 1.18563E-03
  Bcoef: 5.31916E-04
  Ccoef: 1.28067E-06

topside_temp_cal: 
  Acoef: 1.18178E-03
  Bcoef: 5.33362E-04
  Ccoef: 1.24713E-06
  
par_cal: 
  offset:  0
  slope:  0.01415

fluor_cal: 
  offset:  0
  slope:  0